$ANSIBLE_VAULT;1.1;AES256
63653934373061363363663939366136323130363763623439356535376438336232303363643134
3036393132653330363531333530396335656234316335330a613230326532326338363965663034
63653631353466613834633139336334666630303737333030386236633736313464633964633932
3432356563323737340a643832623063313737326261303430626530393837653134653030613866
64656263373434633863363933393461666564326464313838396232636532663739306534333437
64663163663631393865393738333962343333653030343835336234373531376466346465643336
31303730346639616532356664633231343336323539633963666465623833313964653239626539
61363331646662353165303339636435303630323662666539333532663137373631623031366335
31333864343730643331383633393533363961363034316339626463313234323636313638353037
35643530663734633366353765333061363734313661306536323334353965393964306663653731
62646335383335376238656236303362636637316666636230346565656638383631636437343463
65623936653663613666383161313537373161633363616232633035656532353566646132383530
65356461623338623336303766353739353665316539643032653631666166666331
