$ANSIBLE_VAULT;1.1;AES256
37316366663363326337633630316635356338343365653031313465376534616235306337633461
3539643635306230613866303562313538343633333638330a633332616438386364343434383837
61633365346434336365396162306430623532363836326234333231663666626533623631636535
6431666661633331360a623031326261353033366566313439633432323561613337323131333863
30643662393764663936373738623431373635323564383463376330333437336437626234326664
32376434373937303463376235353563613664643035343637303639363836633732656231373437
31663465356638313938356461633839303862356134363964316439356431653232633764343565
39633637393535646636636265613961336231343864666239666236336230383331633665636633
36633937353862373039363062386464336231656330356262663562653933616363633131633032
33353565343839373466646461343634353132316262393136356631616435623935353761376666
37323465653931336338323664393561303137303930363139313330326539363439646363613561
36336436353336666637
